447.451561
354.509796
393.917921
494.071820
331.919604
313.349803
316.611144
388.434800
432.193896
365.727223
387.129086
460.348821
392.065549
470.827748
378.252303
378.252303
476.238793
372.741595
413.521571
492.592025
426.863502
388.667262
337.262658
494.167497
390.363605
441.988108
497.220701
418.373043
461.574592
344.156711
340.493327
387.121496
422.786992
355.430396
336.249490
321.843555
297.512569
451.353380
430.385009
391.695252
379.154742
316.513403
463.840291
459.958087
404.630424
473.627478
419.221008
406.837468
415.550228
303.813799
465.887022
466.612310
334.699344
418.306504
444.032512
316.483919
396.957640
442.442245
495.928152
388.995231
469.226077
397.787475
423.468768
440.508136
