2022,12,8,61.233780,-38.022156,456.619873,10847.349609,3304.899902,41900.562500,11063,-3330, 41990,61.233780,456.619873,447.451561
2022,10,14,74.096527,-108.881508,367.044556,3313.325684,-417.555817,48710.332031,3428,428,48972,74.096527,367.044556,354.509796
2022,2,6,-40.000553,19.429184,395.479431,9220.927734,4994.426758,-20363.222656,9281,-4972,-20336,-40.000553,395.479431,393.917921
2023,7,8,-24.338799,4.824326,490.445953,10079.942383,2663.852539,-19522.607422,10160,-2655,-19472,-24.338799,490.445953,494.071820
2021,12,28,24.428108,78.226898,328.320526,30840.878906,-140.610535,24362.427734,30903,129,24074,24.428108,328.320526,331.919604
2022,12,18,-87.065895,-92.560768,327.446320,7934.585938,-11418.922852,-43594.128906,8007,11527,-43865,-87.065895,327.446320,313.349803
2019,7,15,-61.797764,-35.660019,325.958099,14754.315430,768.027710,-24357.164062,14895,-786,-24348,-61.797764,325.958099,316.611144
2023,2,19,89.806412,-101.427513,402.586487,-179.694336,1122.962891,47837.949219,-174,-1140,48116,89.806412,402.586487,388.434800
2021,8,1,20.275169,-73.428619,427.510437,21342.169922,3535.386230,23530.005859,21360,-3523,23347,20.275169,427.510437,432.193896
2022,10,20,-1.155060,170.199005,358.503357,29002.337891,-4625.774902,-6371.588379,28907,4608,-6345,-1.155060,358.503357,365.727223
2023,5,24,4.814095,97.168976,380.045715,34322.304688,562.337036,-3270.849365,34198,-563,-3322,4.814095,380.045715,387.129086
2023,7,13,-39.003349,-53.114998,461.544922,13512.730469,2235.308594,-14682.611328,13566,-2264,-14598,-39.003349,461.544922,460.348821
2019,6,5,-77.444046,161.757721,405.199066,-6377.512207,-4398.434570,-50318.304688,-6315,4394,-50716,-77.444046,405.199066,392.065549
2020,9,20,-55.401508,58.761673,478.046509,7691.540039,11521.042969,-33952.195312,7837,-11556,-33988,-55.401508,478.046509,470.827748
2019,4,24,-78.449165,-172.791702,391.540344,-3815.193359,-8864.745117,-48848.207031,-3760,8897-49241,-78.449165,391.540344,378.252303
2023,3,12,-47.109608,169.428284,480.441620,12995.632812,-6485.574707,-45100.875000,13255,6497,-45067,-78.449165,391.540344,378.252303
2022,9,30,-42.000164,14.313721,375.041382,9145.320312,4669.628418,-20022.537109,9197,-4651,-19996,-47.109608,480.441620,476.238793
2019,3,12,2.256371,60.380554,406.321289,29951.509766,1623.051025,-5551.276855,29794,-1630,-5597,-42.000164,375.041382,372.741595
2022,7,21,-11.225235,155.460602,486.161957,27331.681641,-3755.359863,-19499.789062,27288,3739,-19339,2.256371,406.321289,413.521571
2020,9,29,-38.827187,85.872345,427.995758,12502.139648,7173.229492,-42228.121094,12724,-7146,-42164,-11.225235,486.161957,492.592025
2023,5,4,33.815048,-120.249298,388.020905,19523.199219,-3892.157715,32775.105469,19661,3890,32592,-38.827187,427.995758,426.863502
2023,5,28,59.256195,-61.078636,345.793640,10164.269531,3863.173828,45914.414062,10399,-3897,46024,33.815048,388.020905,388.667262
2021,11,25,-26.935169,67.201157,491.293640,16412.162109,6765.208496,-30898.226562,16546,-6727,-30756,59.256195,345.793640,337.262658
2023,7,22,28.314728,129.123474,387.911987,28153.726562,2647.951660,24888.998047,28243,-2629,24625,-26.935169,491.293640,494.167497
2023,6,28,-18.281403,113.316071,436.843689,26511.228516,-13.839802,-31187.617188,26557,16,-30952,28.314728,387.911987,390.363605
2023,7,15,-3.151680,-102.303017,490.050476,22781.000000,-2686.816650,4073.710693,22710,2676,4089,-18.281403,436.843689,441.988108
2021,2,16,-63.421196,137.182373,428.216125,636.861572,-527.774658,-53684.070312,861,545,-53952,-3.151680,490.050476,497.220701
2020,7,7,21.527367,-78.818611,457.200439,20903.568359,2419.158203,25139.599609,20936,-2909,24953,-63.421196,428.216125,418.373043
2020,5,12,-9.533958,-98.601616,337.506622,23687.970703,-3142.122070,-606.720276,23628,3126,-527,21.527367,457.200439,461.574592
2023,6,21,10.159874,-30.059540,333.921417,25099.615234,5660.250000,1400.278809,25006,-5645,1322,-9.533958,337.506622,344.156711
2022,9,30,-71.429184,-134.612885,399.088806,6582.452148,-11494.562500,-43859.011719,6753,11563,-44074,10.159874,333.921417,340.493327
2020,11,20,87.255295,156.601440,436.889008,93.704231,-289.234436,47458.109375,103,284,47737,-71.429184,399.088806,387.121496
2020,2,23,44.958755,-47.281128,358.832062,17522.902344,4815.654297,37117.765625,17742,-4834,37004,87.255295,436.889008,422.786992
2022,8,10,15.207932,-92.011421,330.477966,23465.513672,-442.618469,21795.136719,23450,445,21619,44.958755,358.832062,355.430396
2022,9,3,-67.414520,105.649323,332.820374,-1623.357666,8098.022949,-52110.554688,-1464,-8148,-52414,15.207932,330.477966,336.249490
2021,7,27,-76.584641,162.037445,310.505859,-6246.186035,-4771.958496,-52946.562500,-6174,4808,-53327,-67.414520,332.820374,321.843555
2022,8,11,-58.282082,-93.577545,459.559631,15114.588867,-7750.041504,-28115.056641,15275,7774,-28075,-76.584641,310.505859,297.512569
2022,9,29,28.181450,168.265839,427.891663,23988.875000,-1452.524292,19707.626953,24044,1469,19509,-58.282082,459.559631,451.353380
2019,5,21,-73.173515,-131.435135,404.042023,6208.814941,-11658.902344,-43702.285156,6352,11728,-44005,28.181450,427.891663,430.385009
2023,1,15,-77.416847,-106.324173,392.284088,8806.570312,-11352.852539,-40797.347656,8945,11440,-41007,-73.173515,404.042023,391.695252
2019,10,12,13.197342,92.009094,310.387756,35141.597656,644.944641,9037.040039,35032,-640,8739,-77.416847,392.284088,379.154742
2019,8,14,89.998840,-106.441704,477.991150,-459.499329,1028.354858,46370.156250,-509,-1044,46623,13.197342,310.387756,316.513403
2019,5,11,89.603806,-160.539276,474.107971,-952.081909,192.768829,46469.765625,-990,-160,46725,89.998840,477.991150,463.840291
2019,11,21,-89.250908,152.304871,418.778442,-12482.511719,-1313.159546,-43237.984375,-12581,1274,-43562,89.603806,474.107971,459.958087
2023,1,15,-60.636330,-38.991516,482.605347,13708.201172,567.517761,-22604.351562,13803,-584,-22558,-89.250908,418.778442,404.630424
2021,3,25,-25.362839,18.894608,415.885986,10738.521484,2851.333008,-20595.382812,10825,-2831,-20545,-60.636330,482.605347,473.627478
2022,9,25,33.729729,-144.129578,406.161591,20113.068359,-4316.628418,28225.480469,20224,4313,28048,-25.362839,415.885986,419.221008
2023,4,29,-35.226875,177.202240,415.394226,19565.025391,-6809.543457,-37581.289062,19752,6800,-37403,33.729729,406.161591,406.837468
2022,9,8,44.605667,46.407578,307.084167,19519.562500,-2497.698975,39651.218750,19766,2495,39548,-35.226875,415.394226,415.550228
2023,2,4,59.982941,153.135559,474.654266,13660.523438,2037.471313,42817.871094,13909,-2062,42878,44.605667,307.084167,303.813799
2023,11,6,86.298141,87.772034,480.673279,733.863098,-1116.499878,46631.613281,749,1133,46904,59.982941,474.654266,465.887022
2023,2,3,30.038452,-0.986938,332.793610,26176.873047,4.632177,22444.419922,26271,-10,22188,86.298141,480.673279,466.612310
2020,3,22,70.010773,-152.281921,429.941406,7670.377441,-2041.568237,46357.742188,7857,2067,46554,30.038452,332.793610,334.699344
2020,7,24,23.306343,-97.510689,440.123993,21203.218750,-1206.550781,27263.552734,21256,1207,27064,70.010773,429.941406,418.306504
2022,2,13,-30.820133,-96.685936,314.832184,19949.722656,-5172.998047,-15394.177734,20011,5147,-15233,23.306343,440.123993,444.032512
2023,10,15,-49.741848,54.407547,402.137207,9014.711914,11259.591797,-32169.761719,9156,-11273,-32171,-30.820133,314.832184,316.483919
2019,7,24,-39.592438,16.598465,443.853699,8969.343750,4478.281738,-19855.234375,9024,-4445,-19872,-49.741848,402.137207,396.957640
2021,3,22,-5.132980,33.314362,488.863647,22082.912109,541.593689,-13076.557617,22040,-542,-12986,-39.592438,443.853699,442.442245
2019,1,6,-29.456799,125.166382,386.902649,21580.148438,-793.634705,-41998.609375,21743,806,-41780,-5.132980,488.863647,495.928152
2020,2,26,-27.910271,35.453262,466.648682,11976.461914,4852.147949,-21835.591797,12068,-4817,-21768,-29.456799,386.902649,388.995231
2020,7,3,31.585670,-6.137909,396.387177,24678.710938,744.603455,22937.957031,24783,-749,22698,-27.910271,466.648682,469.226077
2019,3,15,38.175705,-114.279915,424.364563,17718.718750,-3372.997314,36401.136719,17913,3411,36329,31.585670,396.387177,397.787475
2022,2,21,-15.482933,70.554153,434.787292,23598.771484,4625.116211,-25625.351562,23633,-4594,-25435,38.175705,424.364563,423.468768
2022,2,3,-27.519146,-113.535912,421.821167,20772.003906,-5551.804199,-16334.428711,20821,5528,-16161,-15.482933,434.787292,440.508136
