00000000 2.828427
11111111 2.645751
00000001 2.828427
11111110 2.645751
00000011 2.828427
11111100 2.645751
00000010 2.828427
11111101 2.645751
00000110 2.828427
11111001 2.645751
00000111 2.828427
11111000 2.645751
00000101 2.828427
11111010 2.645751
00000100 2.828427
11111011 2.645751
00001100 2.828427
11110011 2.645751
00001101 2.828427
11110010 2.645751
00001111 2.828427
11110000 2.645751
00001110 2.828427
11110001 2.645751
00001010 2.828427
11110101 2.645751
00001011 2.828427
11110100 2.645751
00001001 2.828427
11110110 2.645751
00001000 2.828427
11110111 2.645751
00011000 2.828427
11100111 2.645751
00011001 2.828427
11100110 2.645751
00011011 2.828427
11100100 2.645751
00011010 2.828427
11100101 2.645751
00011110 2.828427
11100001 2.645751
00011111 2.828427
11100000 2.645751
00011101 2.828427
11100010 2.645751
00011100 2.828427
11100011 2.645751
00010100 2.828427
11101011 2.645751
00010101 2.828427
11101010 2.645751
00010111 2.828427
11101000 2.645751
00010110 2.828427
11101001 2.645751
00010010 2.828427
11101101 2.645751
00010011 2.828427
11101100 2.645751
00010001 2.828427
11101110 2.645751
00010000 2.828427
11101111 2.645751
00110000 2.828427
11001111 2.645751
00110001 2.828427
11001110 2.645751
00110011 2.828427
11001100 2.645751
00110010 2.828427
11001101 2.645751
00110110 2.828427
11001001 2.645751
00110111 2.828427
11001000 2.645751
00110101 2.828427
11001010 2.645751
00110100 2.828427
11001011 2.645751
00111100 2.828427
11000011 2.645751
00111101 2.828427
11000010 2.645751
00111111 2.828427
11000000 2.645751
00111110 2.828427
11000001 2.645751
00111010 2.828427
11000101 2.645751
00111011 2.828427
11000100 2.645751
00111001 2.828427
11000110 2.645751
00111000 2.828427
11000111 2.645751
00101000 2.828427
11010111 2.645751
00101001 2.828427
11010110 2.645751
00101011 2.828427
11010100 2.645751
00101010 2.828427
11010101 2.645751
00101110 2.828427
11010001 2.645751
00101111 2.828427
11010000 2.645751
00101101 2.828427
11010010 2.645751
00101100 2.828427
11010011 2.645751
00100100 2.828427
11011011 2.645751
00100101 2.828427
11011010 2.645751
00100111 2.828427
11011000 2.645751
00100110 2.828427
11011001 2.645751
00100010 2.828427
11011101 2.645751
00100011 2.828427
11011100 2.645751
00100001 2.828427
11011110 2.645751
00100000 2.828427
11011111 2.645751
01100000 2.828427
10011111 2.645751
01100001 2.828427
10011110 2.645751
01100011 2.828427
10011100 2.645751
01100010 2.828427
10011101 2.645751
01100110 2.828427
10011001 2.645751
01100111 2.828427
10011000 2.645751
01100101 2.828427
10011010 2.645751
01100100 2.828427
10011011 2.645751
01101100 2.828427
10010011 2.645751
01101101 2.828427
10010010 2.645751
01101111 2.828427
10010000 2.645751
01101110 2.828427
10010001 2.645751
01101010 2.828427
10010101 2.645751
01101011 2.828427
10010100 2.645751
01101001 2.828427
10010110 2.645751
01101000 2.828427
10010111 2.645751
01111000 2.828427
10000111 2.645751
01111001 2.828427
10000110 2.645751
01111011 2.828427
10000100 2.645751
01111010 2.828427
10000101 2.645751
01111110 2.828427
10000001 2.645751
01111111 2.828427
10000000 2.645751
01111101 2.828427
10000010 2.645751
01111100 2.828427
10000011 2.645751
01110100 2.828427
10001011 2.645751
01110101 2.828427
10001010 2.645751
01110111 2.828427
10001000 2.645751
01110110 2.828427
10001001 2.645751
01110010 2.828427
10001101 2.645751
01110011 2.828427
10001100 2.645751
01110001 2.828427
10001110 2.645751
01110000 2.828427
10001111 2.645751
01010000 2.828427
10101111 2.645751
01010001 2.828427
10101110 2.645751
01010011 2.828427
10101100 2.645751
01010010 2.828427
10101101 2.645751
01010110 2.828427
10101001 2.645751
01010111 2.828427
10101000 2.645751
01010101 2.828427
10101010 2.645751
01010100 2.828427
10101011 2.645751
01011100 2.828427
10100011 2.645751
01011101 2.828427
10100010 2.645751
01011111 2.828427
10100000 2.645751
01011110 2.828427
10100001 2.645751
01011010 2.828427
10100101 2.645751
01011011 2.828427
10100100 2.645751
01011001 2.828427
10100110 2.645751
01011000 2.828427
10100111 2.645751
01001000 2.828427
10110111 2.645751
01001001 2.828427
10110110 2.645751
01001011 2.828427
10110100 2.645751
01001010 2.828427
10110101 2.645751
01001110 2.828427
10110001 2.645751
01001111 2.828427
10110000 2.645751
01001101 2.828427
10110010 2.645751
01001100 2.828427
10110011 2.645751
01000100 2.828427
10111011 2.645751
01000101 2.828427
10111010 2.645751
01000111 2.828427
10111000 2.645751
01000110 2.828427
10111001 2.645751
01000010 2.828427
10111101 2.645751
01000011 2.828427
10111100 2.645751
01000001 2.828427
10111110 2.645751
01000000 2.828427
10111111 2.449490
