01010000
10101001
11010101
11010110
11001011
11011101
00011000
11001110
01100011
00010110
01011111
00010101
00110000
11111000
00111000
11101011
10101010
01001010
11101101
11110011
00101100
01010101
11110101
01011001
01001101
11011011
11101010
01101100
00010001
10111010
10111100
10001111
10010011
10000110
01101101
10101011
01010100
11010000
11000001
10110011
11100101
11110010
00011101
01100111
11001010
01001001
00011111
00111110
00001011
10001011
11001000
11110111
11011001
10110000
10110100
00111111
01000111
00011001
10101100
01111101
00100001
01100010
10100110
11001100
10000000
10000011
00100010
11100111
01101011
01111011
01101000
01110111
00110100
00101011
00001001
11011111
10011100
01011100
00100110
10110110
00100011
11001101
01000100
11101000
01110011
11110110
00110011
01000011
10011110
10101111
00100111
10010100
10110001
00001000
00001101
10111110
11000101
11100010
10010010
10000101
00000101
00110111
11111011
01101010
00111101
11101110
01001111
00111011
01110001
00001010
01011010
00010011
10100011
11010001
01111110
01101001
00011010
11011010
10011111
00000001
10001101
11111100
01111100
10000100
11010011
00101001
11010100
00001110
10101101
00001111
10110111
01000001
00000110
10101000
11100000
00001100
01110000
10101110
11000110
10010101
10111101
11000100
01001000
01101110
11100100
10100101
10000001
11100110
01011101
10011000
10011010
10010000
00010000
01010111
11111001
00000010
10111001
00110110
01001011
01111111
10100001
11101001
10011011
11101111
00011110
00111100
11110001
01110100
00000111
11111101
10110101
11011000
01010110
01000000
00101111
10100100
01110010
01111000
11110000
01010010
10111111
00110010
10001001
10001000
01011011
11100001
01000010
01100110
11010010
10111011
00010111
10111000
01100000
00110101
00101101
00000100
10010001
01110110
00000011
01010011
11000111
00111010
01000110
00100101
01100001
00101010
11111111
00000000
01001100
10100000
11011100
10100010
10011101
11000010
01111010
11000000
10001010
00100000
10011001
01100101
11001111
01010001
01101111
00101110
10000010
00011100
10010110
00111001
11001001
11111110
11100011
00101000
01111001
11010111
01110101
00010100
11000011
01000101
01011110
00011011
00100100
00010010
11101100
10100111
01001110
10001110
10110010
00110001
10001100
11111010
01011000
01100100
11011110
11110100
10010111
10000111
