01011101
10111100
10101000
10011111
11010101
10111000
11111011
10001110
01000111
10110001
01111010
01000101
00101010
00111011
11011111
00011111
00000100
10010010
11101101
11001110
01110100
11010100
01101011
01011010
01100001
11011110
01010001
01000010
10101111
11111110
00000010
10011110
11010111
00100011
10011001
01100101
01001010
10110000
00011010
10001111
10010011
00011110
00100010
10000000
10010110
00110001
11000001
00000001
10001100
11100000
11011101
01100100
00111010
01100011
00111100
11111000
00010100
00011011
10011010
01111001
10000110
11100101
01011001
00110111
01110011
11000110
11101000
01101101
01111111
01111110
01000000
00101011
01100010
01100000
00001000
10010101
00101001
11010110
10001101
11101010
11000101
00101111
10101010
10111101
01100110
00000011
00110000
00101100
11110000
11000010
00010101
01011110
01000001
11111101
10000001
00010011
00101000
11100011
00001101
11010011
11100100
01010010
11000011
00110010
11101111
10010000
01110000
00100000
11100010
11010001
10111111
00100100
10100101
01111000
10001001
11101100
00110011
11111001
11011010
00000110
10101100
00100111
11000111
00110100
11100001
11101110
11010000
01101111
11110100
01001101
00111001
01010110
01010011
01011100
00010000
10100111
01101000
11001101
01001110
10110101
00001001
10110011
11011000
00101110
01110101
10001011
10000101
00000000
11011011
10100000
01110001
01000100
01111011
11110011
01001000
10011000
10100001
01001001
01110110
11110110
10011101
00100101
11111010
00111110
10111001
00001010
11011001
10001000
01110111
10101110
00001110
11011100
01000011
10101101
11101011
11111111
10100100
10111010
00110110
01101010
10010100
01101110
01001011
00010110
00011101
01011111
00111000
10101011
01101100
01100111
10110010
01111100
01010000
11001100
10011011
10101001
00001011
10110100
11001111
00000111
00100110
10100110
11010010
00001100
11110001
00010111
00011001
11001011
01010101
10000100
10100010
10000111
00100001
01011000
10100011
00010010
00111101
00110101
11111100
00011100
00001111
11000000
00111111
00000101
01101001
10010111
11101001
01000110
00010001
01001111
01110010
11001000
01010100
10000011
10110110
11110010
01001100
01111101
11110101
10111110
11100111
11001010
11001001
00011000
11000100
11110111
01011011
00101101
10000010
10110111
10010001
01010111
11100110
10011100
10001010
10111011
Best Difference: 926
Best Seed: 84300
