01100111
01110101
10000000
11101011
01100100
11111111
11011100
10100100
01011011
01010111
01010101
00010000
00100100
11100011
00110110
00011001
11101010
10100111
10000011
01010011
10001100
10100010
11100110
11101100
11010011
10111001
00001001
11010010
00100000
01111110
01010010
11100010
01010001
11101000
10000110
10101100
00111111
10010000
10110101
10100000
00100110
10011000
11010111
11000010
11010110
01001110
01111001
00111011
01001100
01000100
00011110
01110000
11000001
00110101
00101010
01101110
01110100
10111010
01101111
00101001
10010101
00110010
11010100
01000101
10110000
10010110
00011011
00110001
11100101
10010100
11100000
10111000
11111110
11111000
11001010
00110000
01111010
11110100
10011110
11101110
10101111
00011000
00001010
10100011
11011010
00111100
01110111
00011111
00001110
00111010
00011101
11110011
11001111
00010011
01101101
10101110
01100110
10011101
00011100
10101011
00100101
00101011
00010100
10011011
00000101
01010000
00010010
00111101
01011111
01011010
00101110
11011101
01111101
10001011
10101000
10100001
10110011
11111101
11011111
11000111
00000111
11110010
01110010
01101100
10000100
10101001
10100101
01111011
10000111
10010001
01111100
10110111
01011000
01011101
01100101
01101000
10000101
10001111
10010011
10101010
00111000
01000011
10101101
11001011
10110001
01010110
01001111
10111111
11000100
01100011
11100100
01100001
00101000
01001001
01111000
11101001
00111001
01100000
11111100
11000000
10000001
00010111
00010101
11000101
00011010
10111011
00110011
11011110
11111011
11110111
10111100
11011000
00100111
10001101
01110110
01101011
01101001
01000010
01001101
11010101
01001000
10011010
00101101
11111010
11100111
10001000
11011001
00101100
00100001
10010111
01111111
11000011
10010010
01011001
00010110
01011100
11001100
11110000
01101010
01110011
11111001
01000111
00110100
01001010
11001110
01000001
11101111
00100010
10001001
10111101
10110100
11010000
01110001
10100110
10110110
10000010
00000011
01000110
11011011
11001000
01001011
10001010
11100001
01000000
00010001
01011110
10110010
11110001
11001101
00001101
00001100
11110110
00101111
01010100
11101101
11110101
00000001
00000010
00001000
00100011
10001110
11000110
11001001
11010001
00111110
10011111
00000100
10011001
00110111
10011100
10111110
00000110
00001011
00001111
01100010
00000000
